100,100
Menu,2005-03-11
Phone,2005-03-11
ScreenSaver,2005-03-11
ScreenSaver,2005-03-11
ScreenSaver,2005-03-11
Phone,2005-03-11
Phonebook,2005-03-11
Phone,2005-03-11
Menu,2005-03-11
Phone,2005-03-11
Phonebook,2005-03-11
Phone,2005-03-11
ScreenSaver,2005-03-11
ScreenSaver,2005-03-11
ScreenSaver,2005-03-11
ScreenSaver,2005-03-11
Phone,2005-03-11
Menu,2005-03-11
BtUi,2005-03-11
BtUi,2005-03-11
BtUi,2005-03-11
BtUi,2005-03-11
Menu,2005-03-11
ScreenSaver,2005-03-11
Menu,2005-03-11
Phone,2005-03-11
Menu,2005-03-11
BtUi,2005-03-11
ScreenSaver,2005-03-11
BtUi,2005-03-11
Menu,2005-03-11
Phone,2005-03-11
Phone,2005-03-11
Phone,2005-03-11
Logs,2005-03-11
Phone,2005-03-11
Phone,2005-03-11
ScreenSaver,2005-03-11
Phone,2005-03-11
Logs,2005-03-11
Logs,2005-03-11
Phone,2005-03-11
Logs,2005-03-11
Phone,2005-03-11
Phone,2005-03-11
ScreenSaver,2005-03-11
Phone,2005-03-11
Logs,2005-03-11
Phone,2005-03-11
Logs,2005-03-11
Phone,2005-03-11
Phonebook,2005-03-11
Phone,2005-03-11
Pinboard,2005-03-11
Phone,2005-03-11
ScreenSaver,2005-03-11
Phone,2005-03-11
ScreenSaver,2005-03-11
Phone,2005-03-11
ScreenSaver,2005-03-11
ScreenSaver,2005-03-11
Phone,2005-03-11
Phone,2005-03-11
ScreenSaver,2005-03-11
Phone,2005-03-11
Phone,2005-03-11
ScreenSaver,2005-03-11
Phone,2005-03-11
Menu,2005-03-11
BtUi,2005-03-11
Menu,2005-03-11
ConnectionMonitorUi,2005-03-11
Menu,2005-03-11
BtUi,2005-03-11
Menu,2005-03-11
ConnectionMonitorUi,2005-03-11
Menu,2005-03-11
ConnectionMonitorUi,2005-03-11
Menu,2005-03-11
Phone,2005-03-11
Menu,2005-03-11
BtUi,2005-03-11
ConnectionMonitorUi,2005-03-11
Menu,2005-03-11
BtUi,2005-03-11
BtUi,2005-03-11
Menu,2005-03-11
Phone,2005-03-11
ScreenSaver,2005-03-11
ScreenSaver,2005-03-11
ScreenSaver,2005-03-11
ScreenSaver,2005-03-11
ScreenSaver,2005-03-11
mce,2005-03-11
Phone,2005-03-11
Phone,2005-03-11
context_log,2005-03-11
Phone,2005-03-11
ScreenSaver,2005-03-12
Phone,2005-03-12
ScreenSaver,2005-03-12
Phone,2005-03-12
Phonebook,2005-03-12
Phone,2005-03-12
Phonebook,2005-03-12
Phone,2005-03-12
ScreenSaver,2005-03-12
ScreenSaver,2005-03-12
ScreenSaver,2005-03-12
ScreenSaver,2005-03-12
ScreenSaver,2005-03-12
Phone,2005-03-12
NETTEST,2005-03-12
Menu,2005-03-12
Phone,2005-03-12
Phone,2005-03-12
Camera,2005-03-12
Phone,2005-03-12
Menu,2005-03-12
FExplorer,2005-03-12
ImageViewer,2005-03-12
FExplorer,2005-03-12
ImageViewer,2005-03-12
FExplorer,2005-03-12
ImageViewer,2005-03-12
FExplorer,2005-03-12
ImageViewer,2005-03-12
FExplorer,2005-03-12
ImageViewer,2005-03-12
FExplorer,2005-03-12
ImageViewer,2005-03-12
FExplorer,2005-03-12
ImageViewer,2005-03-12
FExplorer,2005-03-12
ImageViewer,2005-03-12
FExplorer,2005-03-12
FExplorer,2005-03-12
FExplorer,2005-03-12
FExplorer,2005-03-12
FExplorer,2005-03-12
Menu,2005-03-12
Phone,2005-03-12
Camera,2005-03-12
Phone,2005-03-12
ScreenSaver,2005-03-12
ScreenSaver,2005-03-12
ScreenSaver,2005-03-12
Phone,2005-03-12
Logs,2005-03-12
Phone,2005-03-12
ScreenSaver,2005-03-12
ScreenSaver,2005-03-12
ScreenSaver,2005-03-12
ScreenSaver,2005-03-12
ScreenSaver,2005-03-12
ScreenSaver,2005-03-12
ScreenSaver,2005-03-12
Phone,2005-03-12
Phone,2005-03-12
Phone,2005-03-12
ScreenSaver,2005-03-15
Phone,2005-03-15
Menu,2005-03-15
Phone,2005-03-15
Phone,2005-03-15
Phone,2005-03-15
Camera,2005-03-16
ScreenSaver,2005-03-16
Camera,2005-03-16
Phone,2005-03-16
Menu,2005-03-16
Menu,2005-03-16
Phone,2005-03-16
ScreenSaver,2005-03-16
Phone,2005-03-16
ScreenSaver,2005-03-16
ScreenSaver,2005-03-16
ScreenSaver,2005-03-16
ScreenSaver,2005-03-16
ScreenSaver,2005-03-16
ScreenSaver,2005-03-16
ScreenSaver,2005-03-16
ScreenSaver,2005-03-16
ScreenSaver,2005-03-16
ScreenSaver,2005-03-16
ScreenSaver,2005-03-16
ScreenSaver,2005-03-16
ScreenSaver,2005-03-16
ScreenSaver,2005-03-16
ScreenSaver,2005-03-16
ScreenSaver,2005-03-16
ScreenSaver,2005-03-16
ScreenSaver,2005-03-16
ScreenSaver,2005-03-16
ScreenSaver,2005-03-16
ScreenSaver,2005-03-16
ScreenSaver,2005-03-16
Phone,2005-03-16
Camera,2005-03-16
Phone,2005-03-16
