1.0,0.009424272468115776,0.6590731262655689,0.38051487000360595,0.4902179275923387,0.33084293757772437,0.4335772189651011,-0.014869634608659364,0.3244758970304551,0.06211835450476757,0.022218988946129482,-0.02842505868382482,0.04150131352460223,0.03026883873285268,0.0247885014245511,0.2054600784953519,0.1200633991704857,0.05992630530849153,0.28233526922614177,-0.007826514695161088,0.018658267752384702,0.25033385572624883,0.45066588608145525,-0.030909146835866992,0.2246106278980774,0.1846603601327494,0.02483955175057678,-0.013678911113654848,0.43485541020054275,0.09590146335662744,0.146074706484689,0.03696001118325527,0.1508893058086502,0.08207679766692812,0.046355134031381105,0.21377043746839472,0.13204618849417704,0.021405209863032702,0.1812083870460835,0.0587607869438891,0.189878144287786,0.14076736583493274,0.033871903008241576,0.1527292307922234,0.06080685268023123,0.009147064683676822,0.09151183565019368,0.055293804805252325,0.03627731135485012,0.1972250416270518,0.11627909319936429,0.19417562852880338,0.39478737185741464,0.3703997870141381,0.04774193780056428,0.30183736009686774,0.2422288015910667,0.28132494635716027,0.5526526707443352,0.19439862734985017,0.41638194900280506,0.45455099717367414,0.30704699834964155,0.45535775232526793,0.42940880640994905,0.38464266334832825,0.5186773822322545,0.041047740488434105,0.3054277431189404,0.1478414386651599,0.09949832065034028,0.0706142448880924,0.053892541792233,0.13338758700157857,0.1655383170465529,0.2266573395858763,0.17200394819401008,0.16831638269629892,0.573536431037141,0.00516932259412824,0.2884623889187882,0.16571757143638435,0.2064331565715786,0.31202907749247993,0.1997241094982219,0.12467525883171504,-0.10295054621406384,0.21106329932371046,0.24857800395423107,0.31684069100993495,0.10492027843182461,0.2385251670468611,0.21239975648413129,-0.029755650049822314,0.05747422586257994,0.048347117477212466
0.009424272468115776,1.0,0.044551536190373976,0.0608663514268908,-0.022692640235333003,0.09765303803887097,0.02583699544195954,0.006037823638204429,0.1988183016240117,0.03886059308259273,0.06718344457869574,0.10907632106698517,0.2099895946820767,0.277552712563291,0.05995536156797773,0.061134710546118534,-0.18429933875198723,0.22190434309363455,0.16791752848187724,0.06719876919163217,0.18386689054753946,0.1972420702225838,0.1736733781395804,0.20311318510578844,0.08970198865667182,0.06415561976200977,0.1111864001916635,0.20930536993531937,-0.0059039980704333386,0.18333519817925018,0.05791555465875927,0.07115375757487383,0.22566748708472584,0.09117554311709603,0.12113919579751901,0.10708158222433858,0.0772945246622263,0.0979913399106799,0.09229835084500351,0.16918189630641922,0.11273114009136201,0.07551591589984359,0.08445590046349408,0.03629435206846996,0.015523371705905615,0.1635565709952419,0.18296843854617686,0.01210401307635962,0.10490958993711211,0.21644108781581345,0.061758317790220695,-0.04290978224095794,-0.05630011797983098,0.037786615369264545,0.2369553339626244,0.03161409297085781,0.03061473387366566,-0.09465021358879216,0.035598182590993906,-0.016747897908070988,-0.04743130154928498,0.10294011588627511,-0.01223072030211443,0.02013318320197426,-0.002327663221736536,-0.0072690276294092165,0.06183606937254357,-0.0328472890966793,-0.01098538046527533,-0.002607692787381926,-0.0968649255374304,-0.04395803437159347,-0.006528371337934524,-0.09130165236606692,-0.034468528995046724,-0.09734800111325015,0.054322505691285765,-0.01369128234822048,0.07388731991375874,-0.10471708286622572,0.09102785102388578,0.049653853232571286,0.004821941815603235,0.015196689792583616,0.020218238002125254,-0.003633868733641901,0.1072226618246781,-0.03155164167569601,0.03592240752768552,-0.08666363871767722,-0.08997313233980761,0.009069761978891961,-0.14525797737986743,0.04500305494693726,-0.06553190682340622,-0.0544541260440748
0.6590731262655689,0.044551536190373976,0.9999999999999997,0.2059115867701257,0.4170741657825091,0.3259266103330759,0.4199088225964036,-0.048463185757008725,0.3367733275776637,0.09936324902802207,0.05870339167152422,-0.04035791123374827,0.1710941116682821,-0.10563702585211061,0.02516977258999491,0.20940541584803235,0.12110733386733553,0.1910469466062658,0.32094742334497717,0.06198378938507791,0.09793218490747142,0.26032068924053753,0.5137988037314412,0.1318335763016085,0.26950738375356825,0.34488101187987846,0.09360482631065568,0.13473802285098727,0.49130193357857826,0.2907150558038783,0.27509195069681974,0.11534633593678321,0.28186325763329156,0.23060577953522077,0.19694248579463883,0.1765258636370577,0.22295031857158615,0.21803457309053959,0.17335382619362028,0.018439744321236424,0.23641458472107002,0.19299163832176633,0.11342240817750357,0.019538643783118356,0.07192519290609309,0.12434895300982607,0.03561539570402697,0.2806204784294508,0.03992403191644999,0.1258638197003552,0.1334936015796927,0.22087797274953735,0.32084072488652987,0.3226192691912434,-0.06776129845243528,0.2398239452643091,0.2689372087246036,0.30649513531089945,0.4027367174835975,0.0734850950948609,0.31024897129751855,0.41189305822818173,0.3017608016351471,0.4843705661910805,0.3744722777582712,0.31662098856569715,0.4428597301223767,0.1260216066827876,0.25491862763577344,-0.020677563164599334,0.029812098058308988,0.12722919874268865,-0.04711602170998966,0.1557134665424201,0.10807980100889561,0.17252875973870574,0.17538177556506837,0.02286113160308617,0.5458889973605061,0.07684874374844491,0.22388535393916348,0.12344805566507228,0.17633193896283805,0.20841636291613383,0.1414417462065343,0.09525202700642027,-0.09345075291145857,0.07514629819224615,0.28428759650449364,0.22906387652333207,0.15698291017346044,0.27031015139133924,0.19607949618137513,-0.0671729549237759,0.11039207825470769,0.10592101787987832
0.38051487000360595,0.0608663514268908,0.2059115867701257,1.0000000000000007,0.24291308842566964,0.2745297467765113,0.27778305918903473,0.14516321201419857,0.46673978816748735,0.5393784139818929,0.536846455044338,0.49354753082590413,0.3597801806886315,0.24098426185742433,-0.22477359095785962,0.33935808835036685,0.16331629564959727,0.2749918659733994,0.4721658573499754,0.275666795210804,0.4712146037935104,0.4379890941885022,0.4849051195986014,0.34101188369149765,0.3958152399590966,0.4201879511012859,0.45592110909717637,0.34450880386369065,0.475972147653073,0.4887200733575668,0.47350216609417767,0.48022077792800355,0.46688312151692,0.403478138751037,0.31889964825063594,0.6958808067189659,0.3626688807477792,0.5064694391670062,0.4723114038055909,0.6180855819658909,0.4514617381260471,0.3600118610524586,0.6134193944362607,0.17235154256733468,0.13309712813715588,0.22254104838743105,0.254733916014523,0.227954389291101,0.3792087868883507,0.22682896127020494,0.3092834875946968,0.016245049144185512,0.37024779772515,0.18377442474761307,0.2667618154236361,0.20090616078688142,0.5079990237732304,0.2501923448808683,0.16586027541950843,0.3337730816589178,0.15081089236064296,0.20854534969692098,0.3175770421423208,0.22153406296791373,0.14919029639947226,0.06895770510378384,0.34019081432961007,0.1874016508331733,0.3967005646429307,0.38055017660014623,0.24278873941684428,0.1619707637543964,0.34388257613828077,0.03242366997861477,0.3327294633590141,0.15453182662106624,-0.0308388818782185,0.40882317029604026,0.208812715384068,-0.031984157096203246,0.34279936225838753,0.11219351383663481,0.2945525307592951,0.19971777691667453,0.19007746354871602,0.3498323451459154,0.24036354851250138,0.25675192098594135,0.22002078618901635,0.053541275293062025,0.07488101739858281,0.2785201661483128,-0.048574005574281896,0.18762019930128498,0.21188444926699718,0.17956502981237182
0.4902179275923387,-0.022692640235333003,0.4170741657825091,0.24291308842566964,0.9999999999999999,0.5798253252053025,0.692441563096563,0.051819067480080035,0.45346023711392225,0.08631852437903603,0.0460088075910844,0.07099224842967497,-0.030946524218647308,-0.023496712275040056,-0.05125408920182956,0.4677590212860259,0.3358003570845195,0.13108805505264587,0.3398226835235368,0.09489253133363564,0.06956211474337298,0.37530656364676285,0.2324148831424379,0.16733538767884226,0.478195202838483,0.17504979394672399,0.25780465696232546,0.16445714443172638,0.21884158516229726,0.15952151593305083,0.36464015387952364,0.18058366431215067,0.35778253077137245,0.2894173863832847,0.21489026959454524,0.11549774633196798,0.29870350844967575,0.2131494135216664,0.18941086243585484,0.10965865853100314,0.42142408873440335,0.44408689057407114,0.1349689997187018,0.03189953624782621,0.24071376793147461,0.12097960729942811,0.11122601926475312,0.2557730619135944,0.11178595583748632,0.12804147463574542,0.2239983849230359,0.34092842395527234,0.4659419280323173,0.5293570617049846,0.092635536793373,0.5424759628660449,0.20259075613594466,0.16156949641571308,0.11278251889350258,0.15402076935642778,0.15552475088753323,0.17899602484128124,0.22182366767183465,0.37803789414279504,0.08739685536433568,0.13426344409292396,0.1404823485842218,0.062498141416659256,0.2735943810398977,0.1334086440165392,0.13357239998174794,0.12538912515520187,0.03481487076053806,0.10432128382677136,0.12017718291623648,0.32141284960321265,0.2947575505707138,0.1643066128610196,0.3629747666441864,-0.06319713784757197,0.07958293897178723,0.2792694858790555,0.3247354299394521,0.43165241001328847,0.28063983546279,0.20250995933422147,0.012052471503708962,0.40259875094415065,0.27511158278329884,0.27355000808090846,0.21741608779193555,0.35912750696334034,0.26989392883462193,0.06008434810191312,0.07753464020544555,0.07455610488251962
0.33084293757772437,0.09765303803887097,0.3259266103330759,0.2745297467765113,0.5798253252053025,0.9999999999999998,0.7072934545065709,-0.008657644618239604,0.4346873692705165,0.0861163020721,0.06690311857403529,0.18725059351035,0.04238184672069176,0.14943371421270646,0.016083666922238764,0.3965593731671951,0.266421666607365,0.18227982475117632,0.262752729086595,0.11966001986300111,0.09309580892612553,0.3605363201139174,0.2557240371933055,0.17966868868735425,0.33099645509584635,0.15865617192083742,0.20677972783043752,0.1855860788430778,0.160549453890405,0.25595052478923047,0.44621673942592993,0.27741699489536026,0.30694328741817617,0.22979416050139442,0.20126066891971037,0.1491858150376192,0.2072117019439292,0.18028175440227018,0.07347255575065267,0.3007627866190287,0.36847044502857845,0.42313349324847355,0.15348537460332298,0.12351485094716294,0.14593210074935034,0.16186942909552318,0.1359616243428542,0.34549066548696655,0.31039873460491296,0.3065865442219595,0.30822005632787497,0.32533746246162726,0.5741029880489622,0.6599878483344985,0.25885115298257305,0.6427379702290483,0.10398878658018909,0.16463516568306474,0.11465607362438206,0.10724246213556046,-0.006280075210840008,0.05809889741620016,-0.009841008583782063,0.2788667157396506,-0.07851916734224698,-0.056585661103394545,0.09391539952133851,0.1074127554873955,0.2570848590596782,0.11004240386487103,0.17129300174556333,0.12408882039177205,0.09141039906979463,-0.07173491854475356,0.08348572669070754,0.2754680990504261,0.24249541270271885,0.22054435092048486,0.3630334410070311,-0.07823646185350196,0.093003566083223,0.19162433084616842,0.23921663706529495,0.2494713947636163,0.1985227869522052,0.2540134717362251,0.0016772626841444704,0.2810412149466133,0.39039542251798937,-0.0018371674720090944,0.2554987074442469,0.3582814310539665,0.06655669675645685,0.16951293941177678,0.10106447513917259,0.08235480482645878
0.4335772189651011,0.02583699544195954,0.4199088225964036,0.27778305918903473,0.692441563096563,0.7072934545065709,0.9999999999999998,0.07089567061002482,0.5236779301634951,0.07901974982677555,0.04674266187088554,0.1256309186743197,0.13835144936543117,0.10786186833439182,0.035038746786243156,0.3835727281903194,0.24177764438361604,0.1733313886483751,0.323742571724786,0.20437006734459187,0.060474467200687075,0.35603366513705065,0.2824736332017823,0.1637527073965587,0.3696562913781502,0.18539014416751654,0.22579434838631252,0.16741049293346388,0.25976397709881416,0.2960020835657208,0.4659768930325734,0.2241618573831365,0.3366093584787999,0.3013772519141067,0.21181342597135813,0.16379334814580448,0.24874169976531332,0.253862313957166,0.07434765121685358,0.16986953156354517,0.3927088802619327,0.4104591688725482,0.266137898391342,0.10952687288646298,0.22409910713395903,0.2622125305918456,0.14961407894277198,0.4790402587232788,0.20797069918263195,0.2590595670175645,0.32691347621826566,0.2914226476947896,0.5951851929083715,0.6362643262783855,0.1596112897458644,0.5990907702208143,0.14589984303711886,0.27286643548708595,0.07731341624610193,0.22455575485055823,0.012928785231863355,0.16208902630949404,0.2130331061882545,0.2849570720199765,0.03178308982792741,0.03091859876099351,0.16442276371142384,0.11266565140048665,0.4010128406658881,0.1170966120863727,0.18718540406997905,0.24141883013582482,0.10311920944055655,0.08079195384119212,0.2329614158210924,0.4903072976933279,0.40720768647971717,0.25121856455177033,0.39785356707155356,0.013173965173627625,0.09568215313478096,0.28022134922903247,0.4203109111859746,0.42047441684413095,0.3296880719038095,0.32044727255758726,-0.1058528728413041,0.32174698608401214,0.41857159487234064,0.17749515249526418,0.34983438959319624,0.4473079780276128,0.09785979273226793,0.16009602189973374,0.11118293567789847,0.11038674044481385
-0.014869634608659364,0.006037823638204429,-0.048463185757008725,0.14516321201419857,0.051819067480080035,-0.008657644618239604,0.07089567061002482,1.0000000000000004,0.0867710646171971,0.04265370875397626,0.04068602700371347,0.15118907462734438,-0.03461792399966292,0.19297783491680578,-0.017587901774619965,0.07268624106143823,0.053828874103304586,0.07183282618442134,0.10741482568298769,0.24299149859470578,0.1962216444461985,0.07016744983335023,0.14330238898797146,0.15446290653947148,0.15188923438050056,0.15124919772145237,0.1507481941191503,0.1519995615867781,0.18324160735882075,0.03807171386391096,0.17816073365183438,0.17576072128057152,0.10942590690832939,0.11545335935683927,0.25482659645512107,0.12701659501365367,0.11688461940626392,0.16079519219171393,0.1936253808780372,0.1419909404065675,0.15409846369508948,0.2232534288894577,0.04647929508182572,0.13353721024953824,0.24352231590435808,0.09576146416046655,0.10852856688938227,0.11297216314975675,0.03428243188843179,0.162019092269882,0.04258812784818897,0.12197948608984473,0.17860413982575543,0.0579040955534402,0.16704763637631104,0.016989392801356522,0.13882257972504125,0.01081617271975727,0.0563663152845798,0.03463479745953542,0.05099216828417001,-0.02262578341565865,0.05441579741201013,0.08611422987570493,0.03505273166394827,0.049331109373021466,0.08853593309441975,0.009681777700196301,0.024945739567291517,0.09569727298667731,0.10632849394969156,0.10953337516692946,0.11386244438400121,0.13392699014077217,0.31784871159017974,-0.004735492082112443,0.015711372217275872,0.07785128125863995,-0.16601630022069785,0.2456753008738346,0.06253399357591416,0.0891859814142695,0.10354219221678967,0.05595879822829535,0.0695608865717463,0.1534019986780948,0.0958212519474988,0.0125766464778863,0.05510628402146542,0.06247055072548148,-0.04933360174156501,0.037950933580047884,-0.05748474142008389,0.052660643355256546,0.05677633864039759,0.0360207749092821
0.3244758970304551,0.1988183016240117,0.3367733275776637,0.46673978816748735,0.45346023711392225,0.4346873692705165,0.5236779301634951,0.0867710646171971,0.9999999999999997,0.36181082671935905,0.34035852210229994,0.347568929593969,0.2255670201315903,0.0965815556896744,-0.10990526986679426,0.35938673475248645,0.17249856184691134,0.4439674128409373,0.5443441796303146,0.28078435926335676,0.23612688039015087,0.547964597254849,0.45272873858913215,0.37632254333296056,0.468118440266226,0.5321308116220946,0.43541873552688004,0.3910932904795159,0.359150673373727,0.4715243244033594,0.5842219100554572,0.38192694987848574,0.5314584547002196,0.5801284869271911,0.1340535533325373,0.38770453282692674,0.35102889159412165,0.4261873592996529,0.3225286302338408,0.3264146003450841,0.5558989108588599,0.47721859511219195,0.3376137303256146,0.23639778314723994,0.2492793858336585,0.37909670713903104,0.3377400028203223,0.38483496579275395,0.34363916653647925,0.23452532589757816,0.31684271556171156,0.1726418631176464,0.4364366638070611,0.4022127163035639,0.19014730699011226,0.3884283585982691,0.33167517230380006,0.2093591399806711,0.1556686307744276,0.33555323740765747,0.18142933867295996,0.22744785129884967,0.25582281267733864,0.1870195251919223,0.11390493453834372,0.04576057097760816,0.19997417696354675,0.27307539493226585,0.290934605969731,0.08918867966316071,0.15657592492190026,0.02905189420064473,0.04325220394699434,-0.08842401254529592,0.1288248914422129,0.2824908652910842,0.21087071198563165,0.2894988374271254,0.2967583762893989,-0.004110983349265771,0.20308830444486253,0.21153555437177515,0.3806198495933936,0.35219677639168634,0.32582077692280303,0.27021755758732335,0.15070316761014718,0.2772403481094649,0.2761614799566134,0.09988829830988032,0.2180947497107683,0.3663882841653369,-0.024249755146276017,0.2685782977070023,0.26862706982722895,0.2555485775635421
0.06211835450476757,0.03886059308259273,0.09936324902802207,0.5393784139818929,0.08631852437903603,0.0861163020721,0.07901974982677555,0.04265370875397626,0.36181082671935905,1.0000000000000007,0.981662776975347,0.6812860570045889,0.3062045320750956,0.2683671867195706,-0.18214024769946494,0.16092447215959219,0.1987367788681846,0.3898801089533494,0.34036676375954716,0.32255578563875265,0.5069027971738466,0.3053859878506758,0.34223664937635345,0.35069980931141564,0.30272966196748147,0.3615808523600792,0.4085543950613383,0.33729093722289044,0.34387683189318907,0.48660405272950624,0.39621772098311586,0.5123379679023364,0.28793770673705654,0.41977668109855004,0.31922110827489564,0.5146805032247413,0.38391552196680506,0.4287421846257512,0.4713304376091561,0.5238867130546632,0.44755539435670133,0.27690861859468946,0.617081021185365,0.10702226100149681,0.04139653914271012,0.3317140668186009,0.30458363569448776,0.21677195104217098,0.40305176337894144,0.19558452325530964,0.26802246826621057,-0.08892450243707224,0.16361747687316833,-0.0068303730844242894,0.293635824991332,-0.055788961432719365,0.41569228758679644,0.20715801953854848,0.10082887814836798,0.33602527459516623,0.054734252451869976,0.1550627939665364,0.24714263124082372,0.14944514310854323,0.15230557230957367,0.038039535746642456,0.07592593311688502,0.3302320974769762,0.24522784965509806,0.22388040074830687,0.06269341757493868,0.0949422113258221,0.18071120896150686,-0.07903222753031708,0.19025619533165994,0.13035177164687228,-0.027043016537677426,0.4062414074600402,0.0485964619303387,0.041516049044677136,0.2985963372920184,-0.004593912345800658,0.09475043967350696,0.06457419883162241,0.02091914418265111,0.15073036557637828,0.32132230274009427,0.17407361110756803,0.2775462127033542,-0.12256492081470102,0.12088993096051648,0.26767635830061237,-0.1179565767717962,0.17339168209127878,0.34457461237832243,0.3113541756432204
0.022218988946129482,0.06718344457869574,0.05870339167152422,0.536846455044338,0.0460088075910844,0.06690311857403529,0.04674266187088554,0.04068602700371347,0.34035852210229994,0.981662776975347,1.0,0.7125114140418407,0.31763104682771215,0.2908550006148859,-0.1864750961012339,0.15281152109415014,0.18022112270276694,0.3877248064314174,0.32179821928148816,0.3183228526326218,0.5284004155444921,0.28488201484197034,0.29759576778192165,0.3511748571782306,0.25711095847273485,0.3591871190505576,0.4162103167334439,0.33618948262205733,0.3172934386160994,0.47518763166840466,0.3716696348396633,0.49912144050690144,0.28206982759992727,0.4431166377057442,0.32799405007762916,0.5007785747730177,0.3811229840856117,0.4409919844936977,0.467655413430864,0.5192475390468884,0.44255788522986644,0.2548436136468113,0.6273409200518199,0.09828533884827774,0.006978416176081831,0.34353124413719305,0.28767121105056565,0.20128821568318478,0.4210321775406384,0.20400927195055849,0.27871428575122087,-0.10956112341085227,0.1433617352660809,-0.021145035016565696,0.32095168942880004,-0.08514871060903635,0.40989183782759486,0.1967705035907384,0.08611601290282281,0.31160058114614575,0.0052109468142484214,0.11862964305002059,0.2202446699073817,0.1376694463272347,0.11582759823806485,0.02561035098809352,0.07076697596149559,0.32654537000120193,0.24390252440129934,0.24289781741440325,0.07200453311578554,0.08512460751264406,0.1977167395229303,-0.08976695662987236,0.17604444773049058,0.0795041657278772,-0.08093639437465576,0.38569846884062525,0.00580711860983117,0.006329366730186267,0.2563339793513801,0.006635097759139466,0.109975822459737,0.05237859005198787,0.02668539916425404,0.1623515752203716,0.3587775651485218,0.15079791363027756,0.2310993494001488,-0.15149540703311168,0.10723347156975482,0.23993322591899832,-0.1034946802505815,0.16085252105421705,0.33569092374719006,0.30648271974795427
-0.02842505868382482,0.10907632106698517,-0.04035791123374827,0.49354753082590413,0.07099224842967497,0.18725059351035,0.1256309186743197,0.15118907462734438,0.347568929593969,0.6812860570045889,0.7125114140418407,1.0000000000000004,0.05145180526611781,0.3121764322136438,-0.018079481977530506,0.17711182458262711,0.16050974026301673,0.284763225772948,0.33663948473686217,0.3409079729154462,0.5511832582170139,0.4353533414643478,0.2979891486348615,0.3987744708636794,0.381529597053556,0.2901011229007471,0.4150678237008301,0.37465790776118074,0.3362160316160606,0.3923254533760051,0.4557725181201455,0.4297117867240777,0.33232895307632193,0.42414081117004804,0.3429514296710238,0.5426110281117359,0.4115119004269106,0.3651718738627845,0.5143237546682536,0.39054679726903396,0.408188327908805,0.40944492983186026,0.558937253948738,0.10236437933723574,0.0884052612481707,0.2229479319283697,0.18154515507009875,0.1598051085321538,0.3440917275812259,0.13881584337491137,0.16622786679080317,0.12721328702370238,0.13297211632676356,0.05374799249435265,0.33703820500585036,0.07393297898689204,0.40554757474850756,0.16733257772851384,0.17424352577335525,0.28996846163739126,0.05834685736159573,0.18142657864100092,0.18520357345231517,0.12165361025319439,0.12497812488481756,0.13130142424757027,0.07975230685656141,0.2628689396041555,0.12818944456442716,0.18366992091990558,0.15991477789033134,0.1626172842996999,0.27517888733985785,-0.009640420359008414,0.23353982426848993,0.049497698829220935,-0.07394446696263077,0.22405224610708396,0.07464053739628558,0.032543696152680386,0.19042945057925623,0.08411826368949667,0.14949640172800843,0.17346156310435276,0.11186570574647034,0.2413359057477597,0.3238179214725484,0.011496031905355104,0.15801328102840317,-0.09286524684208922,0.08560732227416774,0.18656113041005803,0.001586632301775832,0.17669711092475793,0.26753827497218374,0.23900301915176153
0.04150131352460223,0.2099895946820767,0.1710941116682821,0.3597801806886315,-0.030946524218647308,0.04238184672069176,0.13835144936543117,-0.03461792399966292,0.2255670201315903,0.3062045320750956,0.31763104682771215,0.05145180526611781,1.0,0.26764835721596336,-0.20213771661778626,0.1230824731677027,-0.14472177829589072,0.32543775618853843,0.1617204428494721,0.13710841723244677,0.21597286712781832,0.045115428497183904,0.15328716306522946,0.11556456945287165,-0.030041440757793934,0.15037292531571086,0.3050569366186553,0.12943216780568345,0.11910301595853245,0.4188198696994067,0.06785875467847946,0.24149831561962123,0.1404695512762887,0.16918321164629774,0.08627962217666621,0.2092083455129976,0.0412960278821553,0.3774532652655403,0.11202913613246576,0.3915949860713986,0.21048023754346304,-0.0387875631066528,0.5182657509859088,0.16901940595106274,-0.043679074019954946,0.2621664753022319,0.20180375646154164,0.4584914327257742,0.288837483446804,0.3015788063597061,0.34284553922118666,-0.24743595357520495,0.11861916773795382,-0.02941632990631869,0.16502121910792628,-0.02884482270131832,0.13736327879964902,0.354444618979768,-0.06166610363674252,0.040898675877059365,-0.16618476760605103,-0.14134698818145758,0.1711201820352248,0.08700877568095286,-0.21743066503993844,-0.18721059207127652,-0.049128479753286575,0.17850703426424888,0.3205253869814972,0.2233286093137554,0.17857712882421709,0.0970810536780819,0.1649553514073829,-0.02459691304091993,0.22019076735351323,0.05669141986710297,-0.06908238965843937,0.14209652475999232,0.07764929324001098,-0.1286137796222737,-0.008862563867310607,0.10736197126170405,0.20871062251852357,0.10143189465539691,0.05304977903398574,0.21092873558733136,0.2140855364062957,0.20625936518895813,0.11357911202703314,0.032678983039702375,0.049799109029136236,0.21389329389604625,-0.14755933019034562,0.13628367332939392,0.16888378713757402,0.1645011046791423
0.03026883873285268,0.277552712563291,-0.10563702585211061,0.24098426185742433,-0.023496712275040056,0.14943371421270646,0.10786186833439182,0.19297783491680578,0.0965815556896744,0.2683671867195706,0.2908550006148859,0.3121764322136438,0.26764835721596336,0.9999999999999998,-0.14635540716692272,0.05685073211627541,-0.05217600233038038,0.16849904647180103,0.08608914633829731,0.15768872856614985,0.3437579882357864,0.1341808454645205,0.13753691903248946,0.04611454390747548,0.0962627121617362,0.11450856970473762,0.16793198064225287,0.053768771947691855,0.1640953757042635,0.2543687923673667,0.19700551578172745,0.28139547399995735,0.07774779645652008,0.07116567979161413,0.22339391682657767,0.26647495671101823,0.10505034358905192,0.09906072560675033,0.22579049069195362,0.3259715581586719,0.12153784241790463,0.16701632343408507,0.276878987094827,0.24355186598862477,0.03029106954021134,0.12748324542302086,0.19639363247175473,0.0816693851590709,0.14095136827846225,0.39110077870051024,0.11412154155548193,0.01604455108001016,0.17495130866939848,0.09999166645766576,0.881239814993801,0.005360449401008232,0.12842678032421623,0.09012390894787167,0.0753659801702683,0.06967433809325574,0.031668748150861376,0.17342260571889867,0.10199459446559486,0.08735383827469337,-0.0579444721487867,-0.11833762643563857,-0.14985867387987165,0.14435927088819875,0.014330158794888838,0.17762999413567718,-0.0014808884809327581,0.04635576228884506,0.12149988700245437,0.05383182680797541,0.1758997371445959,-0.0651108275684079,-0.056002300445278756,0.08164830333290865,-0.048119521382757546,-0.02451790940007293,-0.021478143333796752,0.07891152278568607,0.06726939449957668,0.10648606224876808,0.04269910395745316,-0.016980561443807957,0.24267268556956015,-0.08176849210482097,-0.019415713257290856,-0.11803867580509264,0.00843844184664969,0.009917804267686294,-0.10495814166805478,0.08451522017561715,0.1529061817750678,0.1673376274279346
0.0247885014245511,0.05995536156797773,0.02516977258999491,-0.22477359095785962,-0.05125408920182956,0.016083666922238764,0.035038746786243156,-0.017587901774619965,-0.10990526986679426,-0.18214024769946494,-0.1864750961012339,-0.018079481977530506,-0.20213771661778626,-0.14635540716692272,1.0000000000000002,-0.044701619017387964,0.015005152984629606,-0.11191299753256768,-0.12433189461089197,-0.060905218463565905,-0.04493442580724282,-0.07480387779217235,-0.05045007102557151,0.0047741970530811185,-0.14531409726152023,-0.11418371810599304,-0.10914977526630357,-0.004003360761664262,-0.08346585575499658,-0.1092669443396733,-0.1605112992890029,-0.1470962077931942,-0.15631088526369066,-0.07143990816951931,-0.06980863392155362,-0.12274687146158932,0.10024608575277744,-0.13904327072596825,-0.10622899399180283,-0.21761837282030191,-0.08253587510831675,-0.1331401295244958,-0.19318578103509165,0.10055034597102601,-0.06778016213924017,0.03544981233472872,-0.03354361765425776,-0.025979247623619563,-0.1414465405417059,0.06886621441644705,-0.01319310571807306,-0.004040233229633813,-0.06707011465677579,0.05677594553689155,-0.0742356071712784,-0.06264596389356601,-0.03469078951340252,-0.08057314950901946,0.14672168780397318,-0.03761169433072209,0.03360477509109053,-0.039506568632658216,-0.09524608398616229,-0.16046491278008587,0.024837636986127305,0.12678186319761578,0.060600839576525505,-0.04888561536538414,-0.0008598908363481577,-0.09295708975347325,0.19550026995515976,0.10025824322352803,0.10311980242189601,0.09558913540383328,0.011868557603019449,0.07838300013844114,0.16193397116229225,0.0016462904949914121,0.11789929133327101,-0.08728553897884621,0.2700654058639405,0.08605829167163281,0.05794130085954362,-0.0040689565880475415,0.12498932743787451,0.1696651631318002,-0.2234893473777488,0.060178569459775594,0.1362634876657525,0.21903470531093042,0.1676450266526702,0.011173489055599149,0.12199495075715652,0.11063181306742365,-0.0327697623725237,-0.047714928921186714
0.2054600784953519,0.061134710546118534,0.20940541584803235,0.33935808835036685,0.4677590212860259,0.3965593731671951,0.3835727281903194,0.07268624106143823,0.35938673475248645,0.16092447215959219,0.15281152109415014,0.17711182458262711,0.1230824731677027,0.05685073211627541,-0.044701619017387964,1.0,0.5632772869787791,0.11651345871403576,0.26469723041021387,0.10273665132906394,0.11668956053855112,0.419588950536182,0.19500982283613474,0.13025267280377445,0.2868032982962562,0.19549536499214423,0.18757627856917525,0.13620362846980338,0.1009772305335991,0.16270056673275798,0.2672818262464875,0.1262018271101235,0.21312709198420599,0.25542229912295533,0.09914095516358011,0.24168075129267166,0.25197741632394227,0.2112169619135752,0.13792900422853654,0.16627809595909424,0.47072704311938585,0.26381602282582095,0.1494715079254278,0.20515228580262745,0.2886837808254171,0.1305164382434451,0.02067910238263233,0.21385008918576956,0.16704016435067273,0.2971732433271549,0.26067675488615377,0.27988257886405143,0.35158265108297526,0.4917434951814984,0.17158971637889528,0.45358190314756935,0.24001288407948276,0.15506712004965037,0.1843033708650841,0.12410344958347357,-0.025718244331304776,0.0639791865756295,0.010629126748963831,0.2652645262286523,-0.03338249132770248,0.03439206246797161,0.1344021061972599,-0.009827386221397862,0.15804287956289081,0.11982573923947039,0.08732585038322974,-0.023376619606479104,-0.05655616676741758,-0.01604956370645207,0.11364863031135387,0.2862407111104424,0.3127450206173844,0.24221338064616962,0.0879135151178938,-0.03918643463747236,0.0773603304457706,0.13955805277285416,0.2559290438252851,0.1141619326892721,0.1559914018110352,0.1780662917131305,0.09740836787579182,0.25273789872259356,0.42351160130788534,0.019539934159922806,0.19241878770955248,0.41470754395580317,0.04708932977744145,0.1714434628028716,0.012669241112841269,-0.023236096739252855
0.1200633991704857,-0.18429933875198723,0.12110733386733553,0.16331629564959727,0.3358003570845195,0.266421666607365,0.24177764438361604,0.053828874103304586,0.17249856184691134,0.1987367788681846,0.18022112270276694,0.16050974026301673,-0.14472177829589072,-0.05217600233038038,0.015005152984629606,0.5632772869787791,0.9999999999999999,0.03203219146204325,0.1636510512142299,0.08260482787915152,-0.02162792180887509,0.20540859294950062,-0.017695579065105948,0.07896518056758861,0.20694284244462055,0.13457324765056136,0.09401293216089726,0.08193568575193383,0.07430122970967497,0.12481841979459833,0.1898049428892178,0.02461991122834059,0.12020851744418495,0.19002218444913818,0.08516750945857503,0.0748662988841049,0.23624413295786778,0.05943939207714602,0.16511564615714108,0.0698190080240834,0.3486662625551399,0.2517581077963991,0.060165085140446606,0.1190682247143749,0.19461782162546257,0.058408813780654656,0.051779670329708906,0.06168813844632712,0.08030467652138776,0.06819756261073051,0.103993773464992,0.01394751302710223,0.17703481879940441,0.2903554172203493,0.08523187645531514,0.2808899156870386,0.13691008173932775,0.10756407469778267,0.16386454312123008,0.1722905772569094,0.07059985818387711,0.08149723958642928,0.016453338371423952,0.22914935165252265,0.018170835899446437,0.008335913860893045,0.09355251131903151,0.042841281180504814,0.029126784983510314,0.07670606695696414,-0.011097929296454005,-0.062049876463034594,-0.061196030449002604,-0.012744018565025732,0.07307487633210846,0.4463344884751296,0.2844155826509789,0.25623071020425264,-0.003888846159535107,0.06585655808366393,0.23975016240222569,0.027079897040623038,0.0654403890364404,0.029118711255650957,0.11139206459248104,0.09627012301409218,0.07122753364812334,0.2415212143395366,0.3551231461466634,0.013895775482523364,0.20960825602700697,0.2923794337343933,0.0011476792654248023,0.167126537189804,0.07216848255890425,0.05298529901862767
0.05992630530849153,0.22190434309363455,0.1910469466062658,0.2749918659733994,0.13108805505264587,0.18227982475117632,0.1733313886483751,0.07183282618442134,0.4439674128409373,0.3898801089533494,0.3877248064314174,0.284763225772948,0.32543775618853843,0.16849904647180103,-0.11191299753256768,0.11651345871403576,0.03203219146204325,0.9999999999999997,0.37451451280669756,0.4971765815349125,0.25767109859955784,0.24457448069492596,0.27303947118302807,0.2980347293535809,0.2893937421069697,0.44009639684058816,0.45166445027988483,0.2885712224288341,0.18577786507006608,0.4465013406515934,0.40089351978100646,0.6655754163060092,0.40114493348274505,0.4218684997768214,0.23614298077601856,0.26820192684267574,0.15499875710494848,0.41905587249579235,0.32090113151792815,0.39234703521121794,0.26503217787519295,0.2748837129282473,0.38263881681997697,0.3098721064304476,0.32251154065630433,0.6186164880650752,0.5871748749557586,0.507350285043221,0.5775022074532646,0.3496731588064419,0.489672917599816,-0.0010719590518396328,0.2131672486894033,0.15169404146907867,0.20972987588914319,0.11451843891042539,0.23341946244689377,0.14782471312366877,0.07927509387277422,0.07460794737983271,0.07353067536740163,0.00014455466499625194,0.21711922780850865,-0.01542380933964296,0.031929436554806984,0.028665316529051407,0.05412538843607263,0.7290406788127562,0.23835641166817917,0.030787934738275503,0.07645875525783749,0.027973227811325472,0.04088120714132937,-0.03885631670672913,0.1006296483186421,0.041081297592158644,0.03290968078620409,0.20132308963384218,0.09867521087505902,-0.00450706614681008,0.13465124379299354,0.17954282668518612,0.22402708695415552,0.21620249147925202,0.1464582155241554,0.11376729048518322,0.3658178579299931,0.23151518328205337,0.22412139131779843,0.006805054397530107,0.010641342804027783,0.16891811996978204,-0.00030240648015273926,0.26310925902684323,0.6982582660471439,0.7072227605568208
0.28233526922614177,0.16791752848187724,0.32094742334497717,0.4721658573499754,0.3398226835235368,0.262752729086595,0.323742571724786,0.10741482568298769,0.5443441796303146,0.34036676375954716,0.32179821928148816,0.33663948473686217,0.1617204428494721,0.08608914633829731,-0.12433189461089197,0.26469723041021387,0.1636510512142299,0.37451451280669756,1.0,0.45373293780448565,0.19367011109753426,0.6549374702138008,0.6672049847935639,0.5014394451078256,0.6218345111707874,0.4503325712547044,0.6036599704417595,0.48885319848115844,0.5131575012561885,0.3981302640261238,0.5872268785842367,0.40818585231818094,0.7360443002549039,0.4440973453245207,0.34576885825683684,0.48595398301775133,0.32407307148586,0.5413764779501061,0.41685059496046534,0.3391115443105835,0.5919372043671518,0.5773590492483708,0.3409313751711731,0.11689978477835668,0.17669938229376436,0.27518294739532895,0.26564289549146053,0.2845153118287799,0.20580031848788632,0.14985503998871946,0.18123480368197936,0.21026857422376727,0.22888454016417648,0.25002867759039504,0.16363914745006056,0.21265383123469064,0.301029690801578,0.03892473326139087,0.10704615242318151,0.2827238937094316,0.30640810474621377,0.31211164714604095,0.308081148070139,0.2351663631176065,0.3143084306299926,0.25718173040454134,0.2542147930888168,0.2721873752879855,0.2414894938695822,0.1292009394670213,0.10526326631803415,0.1573233374398025,0.061437914886704116,0.1545288866978164,0.16745801098673796,0.15797605158977907,0.2213005199287288,0.26785771090147115,0.20233734375311874,0.015002933772925402,0.1781957979673654,0.09646601152322351,0.2665150733596578,0.22523196441284016,0.20388766230850325,0.16831463789127032,0.0646910284435709,0.20571181172319744,0.27591290143788616,0.12127052709113229,0.1855598361614909,0.28458220491900826,0.12043333828919944,0.21093494861784134,0.27608770368910635,0.24759544247476045
-0.007826514695161088,0.06719876919163217,0.06198378938507791,0.275666795210804,0.09489253133363564,0.11966001986300111,0.20437006734459187,0.24299149859470578,0.28078435926335676,0.32255578563875265,0.3183228526326218,0.3409079729154462,0.13710841723244677,0.15768872856614985,-0.060905218463565905,0.10273665132906394,0.08260482787915152,0.4971765815349125,0.45373293780448565,1.0000000000000004,0.33639333849754527,0.33130490803411644,0.34283546662541814,0.4012459057793259,0.4234308555292848,0.36634943108609364,0.5038226706519777,0.3779842604211999,0.3386488939792008,0.41775782438773823,0.5015211470120444,0.4946576180813434,0.4524071327112166,0.43924560497139503,0.41384763525177276,0.32931511317098444,0.31991804900923604,0.4108147320576225,0.34486481165369176,0.27672266902429543,0.3755581053682336,0.46673613552480675,0.3430409027361257,0.42278037797117446,0.4669493106795067,0.422278755257854,0.5392219458697876,0.42116930295309196,0.24260730811567827,0.13483998779913858,0.23608256445362985,0.17591472241468256,0.15416526508347148,0.14272648556735948,0.19735457266009035,0.19235930509212656,0.24171653150470332,0.17956821718064817,0.08247096618350475,0.23853168196629101,0.1519264404331381,0.12259172642560803,0.303206840671938,0.11320227713584036,0.16533021480071652,0.16569963838323254,0.08750418990152947,0.5146286875339803,0.10827927675459768,0.04018450338484705,0.06428559713869993,0.04374834193494496,-0.004866904863865329,0.11268725462934308,0.151130422636896,0.188493982903195,0.16421037973726396,0.31967576889909766,-0.002385188178755579,0.148940992967008,0.025136680334839498,-0.03358902253801055,0.1343803881333299,-0.00855538806301133,0.06737645222514471,0.13777952649170364,0.15174722986201186,0.16229351793895644,0.19235371484089814,-0.009357199152624321,0.20080286439672307,0.19326513806944906,0.00929462909534801,0.14727473358288584,0.5265471900385651,0.5209297890703143
0.018658267752384702,0.18386689054753946,0.09793218490747142,0.4712146037935104,0.06956211474337298,0.09309580892612553,0.060474467200687075,0.1962216444461985,0.23612688039015087,0.5069027971738466,0.5284004155444921,0.5511832582170139,0.21597286712781832,0.3437579882357864,-0.04493442580724282,0.11668956053855112,-0.02162792180887509,0.25767109859955784,0.19367011109753426,0.33639333849754527,1.0000000000000002,0.3028802112718392,0.2684731249915138,0.24355687893677824,0.2527345964219923,0.3090794806275995,0.30143136824370276,0.23365068421323335,0.287748382274436,0.34189486351509746,0.31408267266919365,0.37100261591331607,0.3103609404517397,0.4249037646738827,0.3374482299432029,0.47464031620692587,0.37102844760467374,0.33932596870539883,0.40029803577951184,0.3256987053020635,0.3673501499730234,0.2756705350955827,0.4009181364476527,0.09764790757502655,0.12988016449908202,0.3474608878150368,0.1860859408651212,0.10584175082747986,0.16055449921864787,0.1411232247692512,0.24675978022465087,0.004095879278334569,0.09385561499145002,0.002025855537917688,0.3474020570752012,-0.014443490461936576,0.4600279142147001,0.09667512860894127,0.05941146147138462,0.22249457968009587,0.02210001894045695,0.044679642223415,0.1611961800315405,0.03670676756589035,0.03400981585337916,0.0380025324029655,0.07965968502239161,0.19224155767097142,0.2091221181444663,0.27821992464812034,0.2395330782407857,0.15110060360662317,0.3450173598109103,0.21655043472976582,0.33181538975918606,-0.084704506497006,-0.1536208088831598,0.22227174270584935,0.013794513790000396,0.036905054250308815,0.09331696863659553,0.18500407204092073,0.2566983460205065,0.18290044814756531,0.19624140884523006,0.2964293959501785,0.4059636669539035,0.042875149112202755,0.13695770934498164,0.017452036770676152,0.04417628724284749,0.11977987279336437,-0.07723144540485329,0.11757012717787846,0.20884608060603063,0.18446084134457374
