0.9999999999999998,0.430438614377013,0.4091756318298758,0.7786119186439069,0.6057906931779208,0.7514696380403655,0.6567401418534295,0.6661254752855854,-0.021582387876797678,0.6462211320609333,0.36033879403581853,0.3971890529552094,0.4467942912221119,0.5349825103951563,0.5307949504327064,0.42683325728193855,0.6900014278611516,0.35439604877126685,0.4821750047753536,0.39576747754458685,0.4042318426491886,0.3954473062293628,0.5053522129760544,0.31427393446893104,0.4644528767350585,0.5708538496149347,0.6328309763376454,0.5450575384926646,0.26427240579635075,0.3245867332392734,0.4148536115893845,0.341704866960521,0.6322858843144329,0.337595293260121,0.3455094192445413,0.6079296366175423,0.6963320384317052,0.37317170184685433,0.5900236121253492,0.2337379316647396,0.5095142305785256,0.5265166499316091,0.3749557721681892,0.5097903371022882,0.25847329316279527,0.3976514772763053,0.5943794660897734,0.5201819550065211,0.40642699546576105,0.5927634009325307,0.4052762065818754,0.37440281782237134,0.562457996883239,0.5459261087536613,0.39718222008353715,0.3807887430609748,0.39057200208996784,0.38671213022907247,0.5249733119468591,0.11074823915624571,0.25485987209150074,0.12181093232169585,0.24540259188696742,0.06179676972878955,0.28920200268820334,0.1380405275551385,0.31001945066105324,0.24869842810945716,0.3160524804394774,0.22636618485736615,0.31833555114826395,0.23976252484321897,0.33881044358790896,0.2642715372423089,0.4124752479785941,0.07536861429375734,0.5171130593367749,0.04952552186477847,-0.013116747983888346,-0.014469780899169617,0.13450246713304398,0.28541101678506187,0.38205484685276103,0.5383539042942079,0.18040995411631194,0.21105701919986955,0.21549794779591833,0.05735763453342715,0.21275934576458033,0.4356030873719486,0.513423860543623,0.6053273911730985,0.38911636523808574,0.1692113803342558,0.4974307259341905,0.6006608093639285
0.430438614377013,0.9999999999999999,0.5268668703790925,0.5207516379156248,0.4578906773132996,0.42014979604863645,0.3463081329237368,0.3679542791191693,-0.009786114887972605,0.4132409927692911,0.21458952088863875,0.21948865082557603,0.20934687584099693,0.26860371277457185,0.3696609617360372,0.3373799761530437,0.35275181939984046,0.23324948671685491,0.26447173820517317,0.38110974522017377,0.43571424261239083,0.40901965252566874,0.44742459634637033,0.1972600298797883,0.27077984105078995,0.3674144316912841,0.3151882052053003,0.32017790782550537,0.36944208408397267,0.21086652579660323,0.2609369370056928,0.15489580723992916,0.3009839018167784,0.2129508690423868,0.2240409777837104,0.4186958977363191,0.43468099635476903,0.16062767350428211,0.28161440161541357,0.07293669427669579,0.22886757551387454,0.2282284489900422,0.371571930365776,0.22849960450732254,0.07276325894926056,0.2033231276521677,0.3710435804790887,0.20864072564030728,0.22855288038688482,0.286141535148219,0.2823032539695732,0.19193484079294393,0.2447293799583797,0.2817315952815624,0.28236458594503533,0.2501350196035478,0.2599450265762951,0.3323365378425163,0.4148869163429308,0.02168875615789739,0.1649449049725461,0.16981422842208987,0.189110938017726,0.1834451383363791,0.2929559929590958,0.2814108722931017,0.249437670490495,0.07775262567953208,0.12940821755650164,0.044538170083304594,0.23760414032594876,0.09141283385860785,0.225463911127593,0.2494184120135588,0.345008712691894,-0.028806127304650975,0.2275209609183957,0.14816640555632538,-0.06067082101063741,0.00888284990831062,0.25199257381013296,0.15081911726633002,0.13001191241291063,0.23940533366833747,0.24719130171477713,0.1610895210022517,0.23534668727785057,0.015929360573724127,0.10916680440654254,0.2044264895736792,0.20982154120006766,0.30861972038204216,0.20395758626280616,0.10205774434991255,0.2502330545740013,0.3064645489305662
0.4091756318298758,0.5268668703790925,1.0000000000000004,0.49888812587753634,0.41679724575952837,0.3625698520851627,0.33808673093669356,0.3663497580336082,0.039171236285366264,0.3835961001751246,0.22129428801594192,0.2423150252981676,0.13399197478980435,0.17765074255288824,0.40813084883799583,0.3435283232192711,0.340689040745732,0.12190727075179965,0.22922736639967975,0.33382316474977325,0.41360926495491873,0.3595067657087866,0.4454435070021538,0.15526451866459656,0.30622590839223796,0.3804458196043779,0.29342892070885046,0.3775254347523022,0.3003123622285193,0.1714252063266331,0.21889874475706622,0.16043807215158673,0.2761339193923231,0.18533322103275854,0.23467871566903972,0.4215006654579897,0.44503173464164203,0.1181762506557424,0.25524264275176123,0.08018197074043232,0.2060668981364288,0.1844000744918357,0.34880310283691085,0.2413038099182349,0.1420350602510411,0.22561527894979605,0.34168884482140477,0.1468335257413289,0.24013904480603904,0.2477541992058949,0.3498952476100286,0.20579518837322083,0.19330254520128082,0.2391712588642683,0.34201648952132724,0.23153395272822358,0.24336998615021554,0.33118520500432375,0.403878692173448,-0.033336093318793135,0.16152382184096564,0.1928707751008058,0.10513259919846313,0.1991049470202838,0.26850978307465695,0.23632298505265184,0.20370873465931866,0.04646472578787907,0.14042344364092627,0.04341105336500637,0.22255250774949425,0.12971630853769223,0.2774820864566395,0.21551095729720754,0.40000160319865696,-0.05030075404382043,0.15783628393967034,0.10322357464106248,-0.16950672933007377,0.13253701911351293,0.2062988094652157,0.17336649529368156,0.13012925394849817,0.259124118361915,0.22214046986217414,0.22447914417626655,0.13150357146001782,0.0248514075233693,0.16190417984488528,0.20806578972945017,0.20992197924045786,0.308127737625384,0.19792619490623584,0.05333318095002995,0.24747013143393146,0.24295317741548417
0.7786119186439069,0.5207516379156248,0.49888812587753634,1.0000000000000007,0.6805225359336252,0.7676848738707002,0.688975942806937,0.6904754996390781,-0.02940305369571189,0.6953269207338947,0.42080663922663614,0.4349678085486045,0.4254627858533908,0.526962167693286,0.6348855144940495,0.5172655179648045,0.7290222727209937,0.35951354493453264,0.5010122074376461,0.48169409285346787,0.49582218295266206,0.4900698234267907,0.6160880484377871,0.34232138538140505,0.4788953053716614,0.5979728642398014,0.6687191020208665,0.6057440992981324,0.29967317701253743,0.31749827485796706,0.41627119752594194,0.3228255873885704,0.6314263444730152,0.41076397694748323,0.37253275370953465,0.6653817409395746,0.7399878222069601,0.3677871084754808,0.6313112399142805,0.2595513645201157,0.5304923083934875,0.4844599344554691,0.4395133813650873,0.511948710563028,0.21893125289114995,0.4247554735346505,0.5614664906006352,0.4271109726636805,0.4859090719727746,0.47985689453694796,0.5241481609066734,0.47004422148801867,0.5138322250241648,0.6048174678611793,0.46845747356105955,0.4586798843395123,0.41208726292213593,0.4546623641513315,0.6001185374482447,0.03911651667328097,0.271482679817576,0.1645912287633033,0.23207300075491014,0.11339313168467297,0.32210403179597474,0.1958969654576215,0.36333891709238164,0.2178308377711792,0.3224388034208711,0.15811496421757623,0.3599400806765871,0.23280835559196825,0.29860758140921434,0.24552143974698745,0.46622162509317233,0.06324879783448231,0.506964754916988,0.1558135490082017,-0.09672822757375257,0.057700414277065695,0.20781940539647675,0.2530597183867102,0.37034816963795375,0.5405180920079325,0.3097032693854177,0.2916046235067328,0.22876573913762951,0.09219500371936803,0.25181795047517636,0.3953880707987651,0.531389971396603,0.6076247753579643,0.4403888723333079,0.13040139492546976,0.5535705259157782,0.6329771542646028
0.6057906931779208,0.4578906773132996,0.41679724575952837,0.6805225359336252,0.9999999999999999,0.6961532968592902,0.541294737189552,0.6274306774979913,0.005628784020587693,0.5492875276978586,0.3749441281072377,0.36097332710387864,0.37259447882187025,0.42443068031228515,0.44495399316656986,0.43818257758430285,0.5891713729294537,0.3056165543941558,0.4166783776228018,0.36971845130096126,0.372901538225192,0.4348926333952518,0.4998860384643412,0.3990026792462738,0.42652348374296783,0.4900256966573466,0.5064959276684224,0.37826616180884076,0.35148524813476234,0.3093824634524101,0.3970180123900502,0.3015453276107343,0.48285314393245476,0.34615377324231505,0.3156424690859086,0.5687641548498277,0.6768782109419121,0.398941478429633,0.5372989570186949,0.2672690743507729,0.4255503540540463,0.4059048516509632,0.4748832204683179,0.38291997503495434,0.14898515018539568,0.2792246685384988,0.43453813815105263,0.30943689471574987,0.3278541780179506,0.4730575560358652,0.5404870747581849,0.396565032012531,0.34252199063203037,0.4577677195857686,0.5100708865225937,0.3021847090587612,0.3515803390943095,0.48111449571679055,0.5698572056400519,0.027082372974305893,0.199261080894999,0.21487832405669138,0.20989587276510424,0.03872906108413532,0.194884532523407,0.13125202717884102,0.35216608406513966,0.19314029956174197,0.245878055354659,0.17192557847782705,0.28436681265846375,0.17366180681465831,0.2941979552271267,0.20646319007195435,0.5009639377609889,0.03928576012921433,0.37999800642742526,0.1674938525776704,0.0025754309502981614,-0.013438049316648246,0.1807307798219261,0.17162414658345532,0.22591593690054618,0.3539479005493913,0.2509505966125986,0.2694753642729258,0.2028892609819919,0.13269883759807333,0.21788978898250932,0.22136928434191716,0.42180359327030337,0.4312410796804226,0.35867075210533267,0.2797172796687753,0.427078031988169,0.48882080889969626
0.7514696380403655,0.42014979604863645,0.3625698520851627,0.7676848738707002,0.6961532968592902,0.9999999999999988,0.689009283979744,0.7902605729685027,-0.028240164272065563,0.6311316264769465,0.41280382272294197,0.4320399056059902,0.5117018396313433,0.5798735718179043,0.5455478948887142,0.3819035544190156,0.7270556131969375,0.39459099153287613,0.5492747846595057,0.41398921294053737,0.44889537517306105,0.4036381712553805,0.45855834894743486,0.3369601255478389,0.49604941500892347,0.6012652176861834,0.7000483217307044,0.4213928133735694,0.2911817096896854,0.2464545764386591,0.36146400753888974,0.3288062792621608,0.695123000525782,0.41316919146642384,0.4291546798302433,0.686360047199473,0.7444024153694979,0.467264833105696,0.6634239537413685,0.2859158801037043,0.5634527799032267,0.5548775885730963,0.41231929441604326,0.504772717587801,0.24286822469245573,0.4348022798885176,0.4073995112500024,0.484892013154233,0.3760902079531821,0.4386546038551392,0.5932378137809764,0.43585746333438025,0.4856294887368322,0.6189272337112813,0.5217991814832619,0.4002091215304585,0.4242864736837181,0.4254004725316789,0.5750258793196835,0.1619248116188328,0.2850795417977777,0.1287607713760186,0.33303509366928086,0.005179985062795814,0.24260274439938345,0.05292496461398419,0.37446600473999925,0.35300840199837097,0.3984910028661937,0.17373958225931024,0.3610569313745214,0.23014906400542498,0.19937109028263234,0.18490964714275138,0.3702308361934778,0.12489142667372705,0.5625443448448959,0.06962151101495706,0.006266692100588391,0.04286585901976508,0.17602552710202274,0.22246257530627528,0.40621997239687485,0.5698060087322294,0.25190168283465425,0.25325774607012297,0.2279978413019739,0.1169720155428267,0.21346739133045192,0.2811374073165003,0.5003520748576213,0.5722949109239163,0.4359948480304383,0.1604484420272202,0.5225415916992178,0.6229751805520684
0.6567401418534295,0.3463081329237368,0.33808673093669356,0.688975942806937,0.541294737189552,0.689009283979744,1.0000000000000004,0.6216222064169616,-0.010352318729774376,0.6978338884282449,0.44404671379065247,0.44981511426094906,0.5929993661830483,0.6442988513928405,0.5369885125439702,0.3741254933464134,0.7358776164126456,0.4810997896409697,0.5881115203369718,0.31277184979950734,0.37630717339421527,0.3304995656972595,0.39653274463632504,0.2936216418054542,0.4218040337039127,0.4985074684180632,0.6322841925298928,0.3421024516884211,0.29846707377916243,0.2522110425222121,0.36092201270986585,0.2998054471916562,0.6338417821261587,0.3873841003875036,0.40978035416696357,0.6107669760308259,0.7019708700062754,0.4012004690425509,0.5784035968988981,0.3898448455928139,0.6624609409540118,0.4924290438535542,0.3720722776428511,0.5665099644773938,0.29101339683867883,0.4588633527674862,0.32050452797040985,0.5134240043749552,0.32485116249487006,0.3755503408703785,0.40516625298250025,0.40547390342723044,0.491727886823003,0.625482325144249,0.40418926641074865,0.2874176179327559,0.34745899741235886,0.4074157646921456,0.5257718540191799,0.17006620642870493,0.292881341603465,0.15008909673893508,0.24482997685011446,0.03675982922237879,0.23306162779820855,0.023525734282926283,0.25526879877615016,0.3521388585392514,0.32489633713546223,0.21375493740650284,0.3203547994329255,0.353359563084042,0.23628473874186,0.14542158968742203,0.4119858075535224,0.10746521742088393,0.5066362354393628,0.0589135787890081,-0.00904873442949865,0.004441264913125862,0.016814387822461134,0.19828363980281158,0.30000273577637926,0.47711727546144556,0.15507369192540535,0.2285204306893726,0.1971072742273006,0.17838143182770178,0.2629890833079,0.2872250396721806,0.45906519424838754,0.5136502301395844,0.3492955314007292,0.16974219646849079,0.4883939767991431,0.5798853392879671
0.6661254752855854,0.3679542791191693,0.3663497580336082,0.6904754996390781,0.6274306774979913,0.7902605729685027,0.6216222064169616,1.0,-0.014075314179602972,0.557771659979764,0.37758811952434257,0.40440992845577367,0.5003593523071219,0.5773922003139406,0.5221477527051837,0.3733046895118734,0.6737795015276381,0.37182898125413005,0.5373602682850659,0.3521808073107196,0.4912399667277901,0.3954143822202829,0.45564047324608004,0.3236795190428142,0.4578035564715899,0.5582423664916966,0.6321569911257798,0.385050672853764,0.2972318590596401,0.24722620409448218,0.3552848317681604,0.30767899549383826,0.6622128418532907,0.38470480730543116,0.36779097192521576,0.66591626623446,0.722228252856593,0.3961546384659809,0.6228716119427736,0.2901387208805405,0.5483197899004746,0.494012033281308,0.4423628134395723,0.4698784376057806,0.2170835503071451,0.3802547880392021,0.3681738832644602,0.4556909631467434,0.38945090145193145,0.38390234090967396,0.540380591819436,0.4722523097650752,0.43362755901575767,0.5581110527527501,0.5341915480475136,0.33846416245503996,0.4478811390015866,0.46082981687576274,0.6077590446580122,0.1029540106698797,0.27933578092541167,0.1582333512167362,0.2820650370073304,0.040135549547748235,0.21160346155285795,0.09043761853739656,0.34346277075935894,0.2765461397650585,0.336963710270626,0.14816607744386728,0.36798655611693404,0.2112023276019037,0.21373113423747908,0.1472574914548838,0.3526203160938474,0.08798685338680098,0.5566876309068167,0.06062306219441208,-0.00862586153903667,0.02371036190505013,0.1253009141308253,0.1859382253010402,0.2865161709033747,0.46764838692830224,0.24712053473578655,0.2412012306098488,0.2103453667908745,0.11842585484064408,0.22617908316240234,0.27640683096953983,0.47788305453536967,0.5285755112202469,0.41000686571756084,0.20424077098042462,0.4899960942345149,0.5286145332060693
-0.021582387876797678,-0.009786114887972605,0.039171236285366264,-0.02940305369571189,0.005628784020587693,-0.028240164272065563,-0.010352318729774376,-0.014075314179602972,1.000000000000001,0.01414390486607711,0.07238085052933778,-0.021291680067124952,-0.011441883646173497,-0.03131575918433163,0.031797091450578845,-0.012494038241454952,0.028140769966838085,-0.006036670785007696,-0.009353634232191039,-0.03399104676019411,0.00448558842891464,-0.03656805164950381,0.010200084702345414,-0.017653053672935255,0.03494126254727449,-0.003534548563516538,-0.04271672999255671,-0.03879966865957572,-0.04564981373578684,0.002170167425163577,-0.000601599748768841,-0.004263648797523972,-0.023219905679066136,-0.0006180254458424986,0.010732882726270524,0.021828170622501808,0.019886964808556912,-0.007547113604269309,-0.005400292460255221,0.042718419474825464,0.014697691739641024,-0.04790039588703013,-0.006513230041970161,0.0016567922212780048,0.020453152523771088,0.014540600821695782,-0.011649777784536627,0.027715646274470446,0.02098615946612365,0.023404745897027488,-0.021055651382096016,-4.1714224279383355e-05,0.011473795500062483,0.0032504677203067387,-0.028285046062161645,0.030569514029891817,-0.02401034521138321,-0.012126001127932154,-0.010921512665382032,0.015334051086608616,0.012357704060943268,0.041101030023129106,-0.0026923218744601064,0.037158327534801465,-0.018074859206093818,-0.03536923803561143,0.01008800150879388,0.024106474460859093,0.016852640976375507,0.01768012461431207,0.06558458814910988,0.018809327149526572,0.019629379589817607,0.0030086633029367204,0.014174496984535925,-0.004637212921699718,-0.005268788105754176,-0.0470684770492399,-0.03691149863929642,-0.04947895016495621,-0.01727118543349042,-0.005126904692705817,0.0234602897188702,0.018335999133862798,0.03406214074867067,-0.04232172948095487,0.022409176373319704,0.0519092154561982,-0.018368532179213692,-0.020264254504255577,0.01984139879676035,-0.03844983803960782,-0.005764922675069977,0.060416870570152,-0.011249659359569385,0.012738752909462237
0.6462211320609333,0.4132409927692911,0.3835961001751246,0.6953269207338947,0.5492875276978586,0.6311316264769465,0.6978338884282449,0.557771659979764,0.01414390486607711,1.0000000000000016,0.3508606177082959,0.3557647005349074,0.4598815402611713,0.5076819802190101,0.5109892841591782,0.41515548558399834,0.6863236385945108,0.3669414376836796,0.46911864788870283,0.32411701816398286,0.28694395849361226,0.31531064844506834,0.41459127799991413,0.24857310874492702,0.4225510348545051,0.47881498768711894,0.560843587228773,0.4405421389136945,0.2520332961668659,0.25792103085564905,0.35238939276398445,0.29838437491676584,0.5435243379434638,0.35019269352848137,0.3748417318918277,0.5700152565184562,0.6646590019629484,0.2816719330697768,0.47118192149761323,0.3908396958325277,0.5875020645293678,0.41219361192353515,0.32827044126543403,0.5410995673541198,0.23864839147982833,0.4080472514998134,0.37719642450609103,0.43729483956363485,0.30620758969976936,0.3992703233954856,0.38562467058164285,0.33736553252136964,0.4323735234436189,0.5659808196829474,0.35002038634104077,0.3699197739573301,0.3648829964809746,0.3600571922438921,0.47440480002359986,0.12655781066568955,0.31199653652044934,0.13216166116030784,0.25253110629597947,0.04929736799807465,0.23565344486127446,0.12912575697760145,0.21898248887374266,0.2687147135789882,0.2896430615533137,0.23271969607665527,0.30517703250077793,0.35838503044407616,0.24148427672911052,0.2576574667273884,0.5305039060009366,0.010822394631493764,0.43100593804942156,0.06733510378562518,-0.08940452609212571,0.09208082478196707,0.12599265674959043,0.24848259590636396,0.349992087462467,0.5078308698026246,0.19317000434671036,0.2431098438910206,0.2563523755956152,0.17741156632679206,0.19181174259030953,0.284392848998101,0.4166606885607544,0.5075431939312742,0.34970461482969534,0.18426700289247294,0.46722838988500837,0.5390313765102044
0.36033879403581853,0.21458952088863875,0.22129428801594192,0.42080663922663614,0.3749441281072377,0.41280382272294197,0.44404671379065247,0.37758811952434257,0.07238085052933778,0.3508606177082959,1.0000000000000004,0.38779171723618255,0.4593227003850208,0.44503038838392683,0.4951695036600146,0.30190847188906034,0.5707703521712455,0.3571874095968581,0.4463923317107463,0.0876632405281412,0.2346389658228587,0.18082779657092757,0.2352432989271043,0.16153024588214826,0.2542206046880622,0.2682575833788406,0.355103495723375,0.1585229570720824,0.16897736693207624,0.18511147398782965,0.24030434195769707,0.20017586862231765,0.3139995903089422,0.19401352962121848,0.2285146342576545,0.3557773696145029,0.3852738092382242,0.2774287537000958,0.351121198406966,0.35988428063120936,0.49520631048162983,0.2306670341684976,0.2390138041262591,0.34459062102163507,0.17698129779106492,0.2495742121592721,0.15712947814315006,0.3239097330058564,0.2602025154607285,0.24039790454869425,0.2055073815187289,0.2727732754823468,0.31596957774291945,0.39812688576813476,0.19085214442735768,0.17555767102326345,0.1888634052681774,0.280247765357558,0.3344801817393604,0.07899262098990349,0.19905068435009982,0.07058706507614236,0.12178922724698717,0.13632739539263913,0.06179786743813048,0.036238442071769544,0.2007727790952731,0.2774303976458643,0.14954102542649955,0.13399485982359882,0.17738117297291275,0.26889856485687413,0.173709020011219,0.14150567476754625,0.28136058152460625,0.04216299538074061,0.26922278419531054,0.013470160571185845,-0.013311994525725157,-0.02645805519488256,0.04304293220246115,0.10414342047582878,0.19028580302670686,0.2822462733684691,0.19454600475703346,0.17628554849801456,0.18909902998485267,0.36650765614052233,0.21851441929864812,0.09773444989680763,0.24828357154376965,0.32944773296728164,0.2113755562706554,0.21065322454854474,0.30977430517986554,0.33749463019565906
0.3971890529552094,0.21948865082557603,0.2423150252981676,0.4349678085486045,0.36097332710387864,0.4320399056059902,0.44981511426094906,0.40440992845577367,-0.021291680067124952,0.3557647005349074,0.38779171723618255,0.9999999999999986,0.4029558451599377,0.47130684056001715,0.47949727540281356,0.273371487347876,0.5541103152044307,0.3396217845738265,0.49652024213980867,0.12355353253614891,0.2801894060054982,0.2129145288693718,0.24376520070881227,0.20493806394316932,0.2456440560080876,0.2734325863244669,0.3705416711232272,0.1620532489165388,0.15384492113621673,0.23028434906945677,0.3062512957273354,0.2608465809869173,0.3720795068228408,0.2145258723407742,0.2030456531888439,0.38199608220907144,0.4056332877609505,0.26774040356332174,0.3829078700320155,0.2819955941651452,0.42575353771022656,0.31309207796355065,0.2463427988448246,0.3380169082728937,0.23182545704127014,0.2747556208332054,0.16275836569227664,0.2801167585146393,0.24106640556416944,0.23807303329327092,0.23178051703598027,0.25558331819983543,0.2757777903431794,0.44277993257395865,0.17908136576889355,0.17684389744934248,0.2221022593451638,0.25827753466237713,0.34504458873044186,0.08727874851372057,0.1830558284851199,0.07067308808901562,0.18893902064295445,0.10025705963343957,0.11045624353337674,0.1233959728955334,0.2057164995621161,0.26080947057092585,0.21554610614332792,0.026451848669550346,0.2227237799012024,0.19397794484487527,0.2231981919327274,0.072738965970079,0.20529003915203212,0.1605792156457952,0.3042729211036035,0.04706997208671789,-0.0684822692903217,-0.005902277700426407,-0.0020153948870862072,0.09741775629014379,0.2066943187247661,0.3144791845343709,0.12315309451509532,0.18754561554814872,0.17546898492030324,0.26070502472782126,0.15992325024764456,0.11781937718550725,0.299622484959455,0.3167607795037916,0.24422215565075003,0.1894112028114498,0.2960617356341818,0.3576897703596417
0.4467942912221119,0.20934687584099693,0.13399197478980435,0.4254627858533908,0.37259447882187025,0.5117018396313433,0.5929993661830483,0.5003593523071219,-0.011441883646173497,0.4598815402611713,0.4593227003850208,0.4029558451599377,1.0000000000000013,0.6899661919996064,0.41717569517827097,0.25458557845866775,0.6276769296680706,0.502449954024867,0.6181503240430551,0.10465814650045269,0.22728081795587282,0.1697653037397793,0.19088158433998076,0.21687956731785663,0.3270233312841945,0.30601682334312946,0.4625667259802142,0.17174044311786854,0.20544165196560293,0.16118096014606167,0.2520553432531114,0.26275352025734455,0.440533301216127,0.29723687619694306,0.29565603973144655,0.44347457281321456,0.48597605642118286,0.36707330436361807,0.4673731918915633,0.4342131163928139,0.6893320130816611,0.3437944323610222,0.23490601102842362,0.4692525942810298,0.2353770527170882,0.40559649112197443,0.16602369705078743,0.4667722290042493,0.19560586067347804,0.24478308333845689,0.2316731199239677,0.34885833171701014,0.3861683430592761,0.5454191516596797,0.20318175380694722,0.0949758282089344,0.23120581995160927,0.26566685502904697,0.3617394195801027,0.16918470411749092,0.2751368370320942,0.010948721505342306,0.21947896056546562,0.062974901096507,0.09210650158590679,-0.02540033235465551,0.20249798493108487,0.37986397530783017,0.20754021789076954,0.15920726085921771,0.26309455360755984,0.37495966456399565,0.15401947780546008,0.1080679177568272,0.22096549566004395,0.11389320492890652,0.4383385686739929,-0.003163090289836421,0.12905702895840085,-0.1449730048026027,-0.054992085388867115,0.12656209068631957,0.17544405199499805,0.31135576296927675,0.1128477254739681,0.19207319353562838,0.15896803300372098,0.31684230355023735,0.22943905091726635,0.10627816889452811,0.3713660141560421,0.38014232125739517,0.25700914784463896,0.1732457237392236,0.3529649244450257,0.44586203108122907
0.5349825103951563,0.26860371277457185,0.17765074255288824,0.526962167693286,0.42443068031228515,0.5798735718179043,0.6442988513928405,0.5773922003139406,-0.03131575918433163,0.5076819802190101,0.44503038838392683,0.47130684056001715,0.6899661919996064,0.9999999999999996,0.4704412237744293,0.2899933303389668,0.6460228795806475,0.5224183398714762,0.5858416709334433,0.17545516088621985,0.29976245562635867,0.24098653713573198,0.2920171428919039,0.22117353158527964,0.3364042357274796,0.3389004540114007,0.5143931106701883,0.2463356023577104,0.1844460954289842,0.17895552187397584,0.2719687642989529,0.32214874587136083,0.5151292989696883,0.29625132284521927,0.2799139444877713,0.4955082710614441,0.5427640257949233,0.38613287267653534,0.5493524387242158,0.4781568225689553,0.7231342422995616,0.3686282567777114,0.2611712753612799,0.4188888335368783,0.2609448240548197,0.41762425917905854,0.2250099797688083,0.4777540219133489,0.267430775523695,0.28768081412889773,0.28618841654488814,0.4219293354524785,0.4323891153848977,0.5876136023567677,0.2691684959553201,0.2077424852947327,0.24311659725004536,0.28951102600172157,0.4146541185990784,0.15347517779179906,0.319377926898398,0.0014219671047980109,0.22523355776648887,0.03792482533093583,0.11608782773159652,-0.01237474117920387,0.2572383100391387,0.3268271558201133,0.2337087505701289,0.1409798323389266,0.24883053459860435,0.28683959799776904,0.16316262012002977,0.11345367030593614,0.24081009671624298,0.14973365714836287,0.4846269159099008,-0.006894794227249566,0.08069758100450419,-0.08346617639023268,0.011549203468897583,0.17154663629666214,0.2503249892778027,0.4082697918064364,0.15955497709613398,0.20732176852985978,0.17886398853463237,0.21778202311402678,0.2246400981537312,0.20170286946990626,0.4151900843291878,0.4448881836909805,0.2985408343262818,0.20258703699581404,0.3572656997854195,0.5059742399508422
0.5307949504327064,0.3696609617360372,0.40813084883799583,0.6348855144940495,0.44495399316656986,0.5455478948887142,0.5369885125439702,0.5221477527051837,0.031797091450578845,0.5109892841591782,0.4951695036600146,0.47949727540281356,0.41717569517827097,0.4704412237744293,1.0000000000000013,0.4274221296171797,0.6671196930226386,0.3151952171896137,0.47137076466073174,0.2909464019779014,0.44209864953455846,0.26492817369815436,0.4313236250703176,0.2064082217765066,0.3505090921798493,0.42669164261839493,0.5339590100019221,0.3547526494099478,0.1712548795406604,0.2248168052114632,0.3177230056646018,0.2222241648889859,0.49129374419574834,0.24011236710021228,0.2512644126813335,0.5362496534030703,0.5471197179159959,0.23579496595096083,0.4645515440436517,0.29648893680187544,0.5953744331416375,0.38804258242107864,0.27381545150348247,0.4691313700778343,0.2840113449134034,0.3543073478417444,0.358306969502555,0.3907832926256576,0.4223952310518967,0.3654579944874865,0.34456980169840623,0.4094091392090423,0.45136076285883175,0.537528573352427,0.2838016860132286,0.3030624054919547,0.2893407408369928,0.3265697088563789,0.4614258958657253,0.09236274014841804,0.22957901180777918,0.11781454445185832,0.1948636241051807,0.23699995555670078,0.17075890949675243,0.22804885807012534,0.28057837605398117,0.2073158987095162,0.20017055570259287,0.06194816767454135,0.22228804118045817,0.23354213342798275,0.2822248773575008,0.20134823911476385,0.35979123877075514,0.05675170520438799,0.38123201464314677,0.09177196858087705,-0.15005804795886704,0.019483568643448232,0.12462209667544143,0.255772979327243,0.337677374525706,0.493534215149543,0.2152021271010862,0.208603543817083,0.2209321542625753,0.23654456797644413,0.2587566284859399,0.31536637220042907,0.33308331883906894,0.452949843139213,0.31273082730981977,0.12592904304424388,0.3776947640792491,0.5218705504386963
0.42683325728193855,0.3373799761530437,0.3435283232192711,0.5172655179648045,0.43818257758430285,0.3819035544190156,0.3741254933464134,0.3733046895118734,-0.012494038241454952,0.41515548558399834,0.30190847188906034,0.273371487347876,0.25458557845866775,0.2899933303389668,0.4274221296171797,1.000000000000001,0.4246944461976145,0.2305815468074169,0.28992710560471885,0.2955022788669125,0.3001558147675598,0.35131501441105717,0.38150695134787327,0.18028582694791068,0.30854577947580275,0.3675310089737909,0.36546798570747974,0.36204728848553464,0.18458184647733572,0.23959919437436605,0.29181192523700383,0.30040924958131165,0.2940557581523493,0.24696135559043678,0.20742968479714127,0.4047860124410325,0.46606082802988724,0.13723365505164284,0.3236752827757262,0.23038723872679906,0.3529285360909104,0.22804167831586933,0.3111540680953257,0.3403125255333363,0.11836853794030067,0.252785040311512,0.37902259510287734,0.18362988302007624,0.22749989803030554,0.2740230836375933,0.3020275670545026,0.2212724301520969,0.24843008701683816,0.3357785328529145,0.31732754184692435,0.2320557996243925,0.31246772578553,0.32879604442442145,0.40508093220554015,-0.06371750589948377,0.16308077878783672,0.1815156238604495,0.07028956821606577,0.13305715512289024,0.2531329832001358,0.16415796707262031,0.16587858711946002,0.11003359611650952,0.2195401474765618,0.06479953935637853,0.19913955464223468,0.20138803326031418,0.25029522183760317,0.4001259225189725,0.39717886165804894,-0.0427619437305663,0.27469708421599165,0.07875623287339156,-0.1570062631696992,0.04331007497649346,0.15395748134151307,0.18091756160030456,0.15782275287766223,0.30600934938085245,0.16567789978936687,0.2416269351712292,0.1890053021007367,0.10897455154886511,0.20446803174932496,0.20806659974990682,0.28677711407579537,0.31991425297927517,0.21729726297778243,0.15001723087973387,0.25094989701451087,0.3870242593560144
0.6900014278611516,0.35275181939984046,0.340689040745732,0.7290222727209937,0.5891713729294537,0.7270556131969375,0.7358776164126456,0.6737795015276381,0.028140769966838085,0.6863236385945108,0.5707703521712455,0.5541103152044307,0.6276769296680706,0.6460228795806475,0.6671196930226386,0.4246944461976145,0.9999999999999988,0.4256728033607161,0.6426277690660015,0.2570376901199187,0.364720221237625,0.283690852882819,0.39631293993075883,0.3065303677201588,0.44515737416369106,0.4929249267784317,0.6506462064832454,0.35715197683517425,0.22073533021327021,0.2873240523463467,0.3979125930232893,0.3376745777451614,0.6211327317784092,0.3928215400715237,0.33896377271542516,0.6111883209553431,0.6933252938589908,0.4137192466882376,0.5995066246202323,0.4496670437326687,0.7167444140727726,0.5140385820474984,0.3509332374815756,0.6127337353770017,0.2798675476531314,0.41937952889959323,0.3624081741557514,0.5013104134921144,0.40055620119966795,0.4411434569682798,0.4171454235515163,0.45935363294469295,0.5288737286849697,0.6602519687420737,0.3645854672957364,0.34399675457448325,0.3589793925218459,0.3814410402233583,0.5108954220790279,0.1610476692979283,0.29378932652261985,0.0698178547711042,0.23519219737802383,0.10553231174744282,0.17948411965016448,0.09879033124188173,0.29137458210123357,0.38925998845522664,0.3326181141391342,0.19885423695452248,0.3142878315680035,0.31982756497638726,0.30445681095935306,0.18031363036402193,0.4210241476059361,0.09893516740113713,0.5601813876048324,0.018792880600690332,-0.005039745975925195,-0.0193780335945076,0.04643982839733102,0.14539643945143338,0.35291761293628265,0.5253183339930341,0.2359777741988262,0.2607157667216803,0.25424951009993585,0.27194438084694705,0.30307738884120483,0.2846403843032529,0.4882947505869348,0.5611038846562986,0.4222236673283451,0.22138800188741756,0.5531775288766905,0.6273324415301172
0.35439604877126685,0.23324948671685491,0.12190727075179965,0.35951354493453264,0.3056165543941558,0.39459099153287613,0.4810997896409697,0.37182898125413005,-0.006036670785007696,0.3669414376836796,0.3571874095968581,0.3396217845738265,0.502449954024867,0.5224183398714762,0.3151952171896137,0.2305815468074169,0.4256728033607161,0.9999999999999999,0.4944304635626798,0.1768304435799995,0.2783086393042377,0.2088366550441458,0.2234345149975516,0.2060738073230639,0.24140443895644806,0.2408745854229852,0.337218150433058,0.1580397968742523,0.23757776777098177,0.20540742106291732,0.28147037105369854,0.24014312405323673,0.32418745216770906,0.20403873550093451,0.21000965543600286,0.3776745414554171,0.3935762949640774,0.34733785743184126,0.4286494938289896,0.28585780429116275,0.544492565204944,0.1746388012034687,0.28466950746362063,0.2774300756015159,0.17682274432000136,0.3196363546461467,0.14095678833565406,0.34446787447755967,0.14652172293365928,0.1397652001308641,0.18384285964298516,0.2700384667674356,0.26467312066699944,0.4247649024098576,0.20706438054434848,0.14691514152924565,0.13186305949876787,0.30151326058835615,0.3764744240260672,0.13141863072779686,0.2533624153882042,0.0452186206361705,0.17959882871935906,0.1079136094887692,0.15886736509745006,-0.004315019369973899,0.20423863859561506,0.24308398407504297,0.19690686488653844,0.07782629803561009,0.19991901415285016,0.2572094142643374,0.07544107636033849,0.06277214174906348,0.18315917880019553,0.14523773253777542,0.3120558782440201,0.06543818284554712,0.1380153090067262,-0.14491847599790106,-0.010572130221050675,0.11596023128133708,0.07707986518704625,0.2186112808295867,0.08112783495696557,0.18730632059848837,0.1368375726773941,0.11414943385766128,0.1818152821762373,0.11203407948431988,0.23934902902078758,0.2640463033353213,0.17451287151519962,0.16832611649166276,0.24369134193856776,0.3275987644609526
0.4821750047753536,0.26447173820517317,0.22922736639967975,0.5010122074376461,0.4166783776228018,0.5492747846595057,0.5881115203369718,0.5373602682850659,-0.009353634232191039,0.46911864788870283,0.4463923317107463,0.49652024213980867,0.6181503240430551,0.5858416709334433,0.47137076466073174,0.28992710560471885,0.6426277690660015,0.4944304635626798,0.9999999999999997,0.1399715735077197,0.3299581858185198,0.24587036437484355,0.24935584114996798,0.2813951527184082,0.36009005227797464,0.35801631075481166,0.4551119050919053,0.18466742881378462,0.2257865292902963,0.17247710698446433,0.27287538276360335,0.25483138045481546,0.4987069704619254,0.35351340326777714,0.3343180992038682,0.4811561859743593,0.5126634850074302,0.38940608785689707,0.5276266742054636,0.33732443557864566,0.6114135883705203,0.28897155973977595,0.2946224502321482,0.42830353890035955,0.29206909868830383,0.42865859836936665,0.17463863560179993,0.4092948426268826,0.2821925114031566,0.2414836083251613,0.3231436863715279,0.41902098911585056,0.3044869602467863,0.5222742499806403,0.27357990924848574,0.16079010765888205,0.24776831914475306,0.33284461669770304,0.44753177527033794,0.1611199773582046,0.22982708308094793,0.03838284767281336,0.28750093645821123,0.053276033762650575,0.11724934886103211,0.023253559740275712,0.2565047825368337,0.33011139045540194,0.2616010981513042,0.07521848550168439,0.31162826530277427,0.31066562330967007,0.1126556092982621,0.05809344050658309,0.23757414737371807,0.1076984301757469,0.40749119487342716,0.05373262101052189,-0.02192373744988477,-0.03531141180610182,0.006026739648883555,0.1600706818273491,0.17889278970909944,0.33695838983568716,0.19110654031780303,0.24261345864768435,0.1974880139973399,0.22517132150023622,0.2688841704000354,0.13024542188713442,0.3375650931449139,0.43418711963620193,0.2619409941139969,0.08960699079119995,0.36699137011758287,0.4347300532955063
0.39576747754458685,0.38110974522017377,0.33382316474977325,0.48169409285346787,0.36971845130096126,0.41398921294053737,0.31277184979950734,0.3521808073107196,-0.03399104676019411,0.32411701816398286,0.0876632405281412,0.12355353253614891,0.10465814650045269,0.17545516088621985,0.2909464019779014,0.2955022788669125,0.2570376901199187,0.1768304435799995,0.1399715735077197,1.0000000000000016,0.45608116369061014,0.6195909052704693,0.5510549823808548,0.258480630103002,0.25491947301277024,0.3681775246171244,0.3766026370492976,0.38898723792584206,0.3776390620746631,0.21966361677333224,0.2878988098923618,0.20017536230000682,0.2931277405786736,0.24501915288369347,0.2187594119732931,0.41104094781126466,0.48210370089835053,0.18384474662367511,0.39551387217354866,-0.08333170902804136,0.14679429288266846,0.1966438236827783,0.47913216908612394,0.15776620215716589,0.05805477055845676,0.18356761390121384,0.3346369535583939,0.11833291432899029,0.22396422859542073,0.18116449751727604,0.2613022557230097,0.2183927884643435,0.25703756841181696,0.263342671997568,0.367630831243703,0.29391367901749677,0.23184603632919293,0.4833220088013266,0.5358175673101125,-0.042595294854437186,0.1391221417720973,0.35946165797554075,0.07282165948104488,0.10579683428850466,0.31038670541584934,0.1969611205518476,0.2028440500319055,-0.02831219083618423,0.1867716232557739,-0.03139597082471377,0.18821045267520517,0.07707056832058756,0.15349610145162934,0.07251891199866917,0.2709788884804204,0.04590415812503786,0.21456517940643646,0.12580540520056893,-0.06571045103539927,0.057268160110488284,0.10194510838994351,0.1787921252652549,0.1530422058561632,0.23582502048873752,0.19762962183257482,0.16760584603376386,0.14052753337923815,-0.11189779590095748,0.09602903126388151,0.2119088951345668,0.18601451006502503,0.2885068190148493,0.21045787395084808,0.011835353378051333,0.20774881081462437,0.23880587976030032
0.4042318426491886,0.43571424261239083,0.41360926495491873,0.49582218295266206,0.372901538225192,0.44889537517306105,0.37630717339421527,0.4912399667277901,0.00448558842891464,0.28694395849361226,0.2346389658228587,0.2801894060054982,0.22728081795587282,0.29976245562635867,0.44209864953455846,0.3001558147675598,0.364720221237625,0.2783086393042377,0.3299581858185198,0.45608116369061014,0.9999999999999993,0.5374357426864054,0.4941541587222265,0.32364405375289834,0.2545409359122968,0.3941093562536637,0.40277101163216156,0.2609715954070823,0.411117327207826,0.18894693007349891,0.25750977166889005,0.18098100147017165,0.41502700037956536,0.3218510688360048,0.2176914819999696,0.5332930449111817,0.49270258304848696,0.3017773532084197,0.496606231475853,-0.03412247662846994,0.2656708179859154,0.18056948068406195,0.569272152267407,0.12830835800183665,0.1781680818462765,0.24246811514874553,0.23368809574316973,0.1760604194181628,0.30211329203706155,0.16836764702164528,0.2783730547358647,0.31174117341235114,0.27514114399950135,0.32398026520440554,0.33928557622348604,0.2609779747479578,0.2957381752724287,0.5446631775458552,0.6343219234262976,-0.04564500177749168,0.1695105890393538,0.29886457903993385,0.19039599381828226,0.1379357925683081,0.1623418227887991,0.13575186785875362,0.3431698566663871,0.10906096873755648,0.18766638695076843,-0.08175868822373909,0.346648478718616,0.08392245618609728,0.15564470077235792,0.019102608762487705,0.17734132387897142,0.10877782735868748,0.2751279969730397,0.19555721586079933,-0.17500714888077992,0.10060627718432555,0.12892414839412708,0.22463398081860272,0.1395947967475232,0.2780717854109927,0.35275040451999856,0.1532082041523774,0.2727784300525615,-0.058434579313343976,0.13852491201300923,0.21713010885734324,0.19287716364203122,0.3953429240789781,0.22864211870194034,0.005406030860977563,0.2116568467368732,0.22474725813261187
